userId,movieId,rating,month
186,50,4.856307652189686,7
186,318,4.683837392148272,7
186,491,4.412187559971813,7
186,513,4.409089215001709,7
186,61,4.218527590570041,7
186,205,4.441084259927417,7
186,480,4.432227314696818,7
186,491,4.412187559971813,7
186,169,4.421649923233478,7
186,1062,4.254722737642535,7
253,174,4.7941768335211465,7
253,633,4.674707242199301,7
253,316,4.660010799005341,7
253,272,4.620959861908478,7
253,480,4.6170934485857265,7
253,172,4.588113247401059,7
253,181,4.581433116818901,7
253,484,4.575197744501325,7
253,315,4.552740932377042,7
253,61,4.546604498178365,7
210,318,4.407452293665101,7
210,480,4.33235153578621,7
210,513,4.320083342363601,7
210,12,4.307853915853795,7
210,190,4.241443777071919,7
210,408,4.297663626635394,7
210,86,4.295529863483,7
210,479,4.257550197580105,7
210,316,4.250926483664942,7
210,863,4.056400308987761,7
234,633,4.1562957990950755,7
234,297,4.00757995600113,7
234,529,3.9775481173796425,7
234,522,3.9148949335450247,7
234,644,3.906583285035751,7
234,114,3.7881329086013973,7
234,408,3.845711601864034,7
234,114,3.7881329086013973,7
234,246,3.806126243025071,7
234,302,3.430031165108511,7
167,191,4.58854515945239,7
167,528,4.4693566467047035,7
167,427,4.459515440036089,7
167,178,4.4127759721176005,7
167,511,4.394124499968168,7
167,515,4.3496639285490035,7
167,633,4.332355819626402,7
167,1065,4.096736516016767,7
167,638,4.117323992784896,7
167,902,4.189534552179346,7
38,302,5.0,7
38,143,5.0,7
38,56,5.0,7
38,516,4.920630226555865,7
38,524,4.907373032910639,7
38,487,4.896044342611669,7
38,650,4.85910106698713,7
38,921,4.844327721098796,7
38,170,4.825475665954187,7
38,515,4.806225878793873,7
278,318,5.0,7
278,513,4.959954537179913,7
278,50,4.861542996233701,7
278,114,4.86122378822353,7
278,480,4.84691447135772,7
278,483,4.841104452872907,7
278,127,4.727202290817305,7
278,12,4.835857639327856,7
278,127,4.727202290817305,7
278,1203,4.6707011491437695,7
7,137,5.0,7
7,169,5.0,7
7,525,5.0,7
7,222,4.826420096680452,7
7,114,4.753581401014305,7
7,493,4.703078555014182,7
7,517,4.7000508510842005,7
7,1062,4.6268039189391565,7
7,1449,4.679140218338777,7
7,512,4.664018012038803,7
260,480,4.94145573757976,7
260,302,4.932197032280374,7
260,318,4.9136821579693635,7
260,484,4.765455555904194,7
260,513,4.856651980654236,7
260,86,4.850208280492668,7
260,484,4.765455555904194,7
260,923,4.636204752261327,7
260,61,4.645767663526962,7
260,921,4.677351081574807,7
223,174,4.62047449610021,7
223,50,4.603975246250031,7
223,515,4.1338429185777255,7
223,515,4.1338429185777255,7
223,480,4.2733139719095785,7
223,484,4.248014233478909,7
223,511,4.241939495452552,7
223,435,4.23274405129628,7
223,61,3.9920001668161977,7
223,297,4.01570337511428,7
11,242,4.313436604995915,7
11,513,4.283938941946873,7
11,45,4.282129452398658,7
11,480,4.266365948125981,7
11,134,4.246930208392364,7
11,515,4.241969814319279,7
11,50,4.136932999846808,7
11,61,4.125557686894685,7
11,174,4.152452460682332,7
11,297,4.162215263258315,7
90,513,4.982946137399613,7
90,525,4.896926885398884,7
90,61,4.8663551587498475,7
90,205,4.850643653989051,7
90,484,4.844587464716364,7
90,1065,4.802044192810617,7
90,633,4.7797701171647775,7
90,921,4.778700382809312,7
90,428,4.7563862039941895,7
90,168,4.71567021698549,7
94,513,5.0,7
94,178,4.985823464931052,7
94,427,4.982595640634322,7
94,633,4.929886897707843,7
94,1203,4.897401509951117,7
94,480,4.859751430246553,7
94,515,4.792353353788662,7
94,615,4.784592636852356,7
94,856,4.670083580965445,7
94,269,4.177826612409104,7
41,513,4.491481796196168,7
41,603,4.351656281615244,7
41,178,4.341008439824163,7
41,408,4.31682896345234,7
41,480,4.292556251520675,7
41,316,4.274658268760293,7
41,127,4.0320353772397555,7
41,12,4.261597046446276,7
41,64,4.059723523540047,7
41,89,4.146349684080763,7
269,178,4.921088553599524,7
269,45,4.776783370410527,7
269,165,4.546342978198432,7
269,166,4.484943303855092,7
269,513,4.4549304447277684,7
269,921,4.437741406558162,7
269,633,4.422621065587401,7
269,709,4.399969192348188,7
269,615,4.341677802596633,7
269,275,3.5729981578432355,7
121,513,4.651692600685615,7
121,484,4.572711279524789,7
121,480,4.5493273827118985,7
121,178,4.5210677886702335,7
121,603,4.4494548119369135,7
121,483,4.445122489702586,7
121,191,4.159754386757443,7
121,168,4.185343276664925,7
121,615,4.377536646741221,7
121,89,4.217797845890438,7
279,318,4.459380377724419,7
279,1203,3.945707087616743,7
279,513,4.259447531020224,7
279,484,4.243822211157202,7
279,178,4.243665216531797,7
279,651,4.219499037328557,7
279,135,4.2054409424652714,7
279,958,3.9531035705409567,7
279,344,3.982812989491624,7
279,863,4.169593901122749,7
26,318,4.1379610066235,7
26,513,4.0732928983951,7
26,480,4.065121440620051,7
26,483,3.976798764930045,7
26,178,3.9710508611542568,7
26,174,3.963116165280594,7
26,511,3.9547153332515097,7
26,272,3.952693709520366,7
26,98,3.902906571081365,7
26,1062,3.777633320106523,7
56,318,4.573670013037971,7
56,12,4.504672352812165,7
56,496,4.424556792831184,7
56,603,4.4037613459690945,7
56,272,4.397952244981965,7
56,684,4.377108273041294,7
56,491,4.369117912756485,7
56,434,4.346363345580995,7
56,945,4.263199051451014,7
56,945,4.263199051451014,7
161,114,3.1864536526847385,7
161,513,3.151135802724907,7
161,408,3.1012944325079035,7
161,491,3.0821148544353782,7
161,480,3.0676197696853706,7
161,190,3.0570965773337693,7
161,357,2.975309368142282,7
161,12,3.0353709531692434,7
161,64,3.034867594058817,7
161,863,2.9405629117251277,7
125,12,4.401396355748347,7
125,315,4.398918308697759,7
125,316,4.342158077405442,7
125,408,4.309316285411505,7
125,265,4.28740645055493,7
125,89,4.2623722219711935,7
125,480,4.2561333127127075,7
125,487,4.235831192651054,7
125,697,4.016865500938763,7
125,297,4.077459979025229,7
91,272,4.598695210831106,7
91,89,4.559917683381632,7
91,12,4.511451537302062,7
91,496,4.486191464897194,7
91,96,4.416780662987857,7
91,169,4.378416002126008,7
91,114,4.3764679446705745,7
91,315,4.363283363426369,7
91,633,4.333241278142842,7
91,61,4.27912145968741,7
229,513,3.7334170349092752,7
229,318,3.6906191772831285,7
229,491,3.6404028084658595,7
229,86,3.5983091483282634,7
229,603,3.5931731267123,7
229,745,3.4255749523295043,7
229,191,3.562146410877674,7
229,56,3.479384617114572,7
229,902,3.4365018059577883,7
229,1062,3.4699574432488016,7
14,318,4.673037857207228,7
14,480,4.653186839242379,7
14,513,4.650585869928911,7
14,491,4.609236918761585,7
14,483,4.551403315693678,7
14,651,4.498955490331133,7
14,64,4.395918735065642,7
14,89,4.3041947519931005,7
14,64,4.395918735065642,7
14,297,4.452655504410049,7
214,513,4.534266336371425,7
214,428,4.47240051804984,7
214,481,4.420742008534495,7
214,480,4.413675113760649,7
214,86,4.407207309662072,7
214,657,4.386774969357918,7
214,921,4.373599826940621,7
214,515,4.367717962381518,7
214,28,4.048230291632481,7
214,222,4.126575687829961,7
100,50,4.348074578488187,7
100,318,4.259941754192315,7
100,633,4.217556310933685,7
100,923,3.7918847832039995,7
100,178,4.162273511113016,7
100,190,4.020337120175919,7
100,61,3.8241112597352833,7
100,480,4.091521687587558,7
100,524,3.828090979873864,7
100,863,3.8620262375601424,7
33,174,4.949256745416656,7
33,50,4.9091034603911,7
33,318,4.848103885474324,7
33,196,4.582082052914339,7
33,490,4.441070805408803,7
33,483,4.610980847505758,7
33,272,4.708346269405027,7
33,480,4.665777724555241,7
33,513,4.637937979816332,7
33,61,4.5305058493160795,7
112,318,4.398302620128118,7
112,480,4.386594515501338,7
112,124,4.381071454490856,7
112,50,4.347870893869805,7
112,513,4.34081082992953,7
112,922,4.145845106303579,7
112,213,4.280294159038376,7
112,86,4.277968490367921,7
112,603,4.246546885183573,7
112,1062,4.15363159055186,7
133,50,4.231957809474863,7
133,318,4.214929313364491,7
133,12,4.068661458113578,7
133,408,4.039533042281057,7
133,285,3.880781660879274,7
133,603,3.963298988815265,7
133,61,3.7900618708900455,7
133,513,3.9294227353015483,7
133,86,3.92207989557846,7
133,1062,3.820196039014035,7
215,318,4.39807326218236,7
215,12,4.378122139228775,7
215,285,4.369191958448504,7
215,651,4.364242480159951,7
215,633,4.347756572137826,7
215,603,4.332955515799101,7
215,484,4.331454611026018,7
215,427,4.313771016509935,7
215,302,4.281120408657741,7
215,302,4.281120408657741,7
191,318,4.493771808130268,7
191,50,4.441710105319345,7
191,480,4.420781475604014,7
191,513,4.397038111623028,7
191,603,4.364124916629419,7
191,408,4.3357031119245875,7
191,178,4.327547952089873,7
191,174,4.284014859141829,7
191,922,4.127053907054209,7
191,921,4.1453511579429305,7
61,174,4.1926482492893875,7
61,50,4.1861837940998745,7
61,181,4.101772533501078,7
61,633,3.88076841026729,7
61,484,3.893356377620571,7
61,272,3.9773862884009237,7
61,480,3.950754391859373,7
61,483,3.90431410701151,7
61,513,3.9336730434495992,7
61,61,3.7939150382897293,7
197,133,4.417898774197523,7
197,633,4.34911551687104,7
197,318,4.335564897664136,7
197,483,4.303967027647345,7
197,12,4.2883956597592645,7
197,480,4.2239560503555715,7
197,480,4.2239560503555715,7
197,484,4.257885713255681,7
197,432,4.244004453711983,7
197,1449,4.1130127101478005,7
134,174,4.69236519576611,7
134,50,4.663618036518244,7
134,318,4.639914331500533,7
134,272,4.622362897003453,7
134,513,4.5047160210700286,7
134,480,4.497762186556881,7
134,89,4.46265016920607,7
134,491,4.411814414906354,7
134,491,4.411814414906354,7
134,61,4.2868624690247215,7
13,633,3.67110848775703,7
13,513,3.5450059530118874,7
13,114,3.524890829081139,7
13,408,3.5239055546564164,7
13,479,3.4768448464830937,7
13,136,3.468909882407141,7
13,1062,3.371985602544349,7
13,922,3.419459240301789,7
13,1449,3.3792993029846143,7
13,923,3.38030425566206,7
263,513,4.762579312919955,7
263,178,4.733088150495238,7
263,603,4.7191269970921885,7
263,479,4.648802907563883,7
263,651,4.622186637644396,7
263,863,4.555126782849851,7
263,863,4.555126782849851,7
263,89,4.381945653738021,7
263,863,4.555126782849851,7
263,191,4.470724725369348,7
111,513,4.309836055148713,7
111,318,4.294219432299064,7
111,408,4.28141841530559,7
111,86,4.255376235812338,7
111,12,4.2107015553861995,7
111,480,4.207372412797513,7
111,515,4.109508993391551,7
111,515,4.109508993391551,7
111,515,4.109508993391551,7
111,923,4.004866292225101,7
285,513,4.627287345889052,7
285,318,4.598651380913651,7
285,316,4.551625490203052,7
285,480,4.51043882965042,7
285,50,4.488358474879904,7
285,408,4.4851505766473885,7
285,633,4.456377230383325,7
285,89,4.3043810384138865,7
285,56,4.32275175450378,7
285,12,4.444457994003008,7
280,59,4.852547878278353,7
280,481,4.838292653446938,7
280,479,4.825084812543465,7
280,484,4.8216539271399155,7
280,474,4.815106670886751,7
280,515,4.809684588454327,7
280,302,4.541356080734073,7
280,615,4.597217808414437,7
280,357,4.589503815200461,7
280,921,4.604617815488691,7
79,513,4.7761979566704555,7
79,86,4.7279798895226355,7
79,318,4.706129466487033,7
79,491,4.679466155046149,7
79,408,4.661305723133443,7
79,480,4.634514255318547,7
79,921,4.518745548038967,7
79,64,4.609724900156305,7
79,923,4.482522183664256,7
79,921,4.518745548038967,7
171,318,4.287401555940038,7
171,513,4.258340726971611,7
171,50,4.236023415129519,7
171,603,4.069509307204322,7
171,316,4.055990102569789,7
171,480,4.154622542507625,7
171,408,4.1350063258136975,7
171,603,4.069509307204322,7
171,483,4.1062472017085145,7
171,61,3.9814400177026,7
107,318,4.137636581322279,7
107,513,4.0905254320751485,7
107,86,3.979328033198284,7
107,272,3.916301014828956,7
107,408,3.9084062381806746,7
107,480,3.9074944684942583,7
107,603,3.894255333237365,7
107,50,3.8761515217755407,7
107,174,3.887895504566839,7
107,923,3.7326533096887107,7
146,318,4.794030562375673,7
146,50,4.635201173855853,7
146,174,4.485313550189012,7
146,137,4.367645664207275,7
146,513,4.438735821875837,7
146,114,4.412854473006425,7
146,603,4.392046556538106,7
146,408,4.3842741396083325,7
146,1062,4.312397954111031,7
146,61,4.316505770667839,7
58,513,3.868138538521609,7
58,357,3.790197650516573,7
58,178,3.78696484216192,7
58,479,3.741744303002742,7
58,316,3.7231685274565125,7
58,633,3.720760502407466,7
58,315,3.68320189630232,7
58,251,3.574495914056317,7
58,694,3.667129624350474,7
58,28,3.5606969744747246,7
190,174,4.333588661069225,7
190,12,4.302336576845275,7
190,480,4.261057963835465,7
190,525,4.211188552917544,7
190,511,4.207668721267863,7
190,484,4.20594411500719,7
190,515,4.203547631703013,7
190,61,4.1411129941336915,7
190,318,4.184289971848084,7
190,61,4.1411129941336915,7
313,12,4.630182640937905,7
313,316,4.543366533889099,7
313,429,4.543104828677366,7
313,750,4.533315832301001,7
313,272,4.515518179411131,7
313,169,4.514966449308369,7
313,648,4.384544577053976,7
313,61,4.378665663052807,7
313,315,4.359036516409005,7
313,257,4.299902133606988,7
312,318,5.0,7
312,272,4.7563632878796716,7
312,297,4.927345513713224,7
312,316,4.8715718541720126,7
312,651,4.836252240165932,7
312,1449,4.824231207895241,7
312,45,4.805186418833593,7
312,242,4.801524467644969,7
312,135,4.793018311984566,7
312,61,4.774074198024558,7
179,12,4.095895865157294,7
179,408,4.05928441640028,7
179,1194,3.894293587235994,7
179,1062,3.8034865961940927,7
179,513,3.959288923630805,7
179,480,3.8834693919685526,7
179,144,3.914348028309068,7
179,187,3.8929215078087474,7
179,61,3.8906426262059464,7
179,1194,3.894293587235994,7
4,242,5.0,7
4,302,5.0,7
4,86,5.0,7
4,603,5.0,7
4,515,5.0,7
4,318,5.0,7
4,318,5.0,7
4,174,5.0,7
4,61,4.966736228455242,7
4,297,4.994587895739153,7
252,86,5.0,7
252,480,5.0,7
252,408,5.0,7
252,318,5.0,7
252,50,5.0,7
252,513,5.0,7
252,56,4.976145341285067,7
252,357,4.960986753234903,7
252,1062,4.806022320939183,7
252,1062,4.806022320939183,7
200,302,4.114133759446288,7
200,513,4.08961529706072,7
200,480,4.070661922196636,7
200,12,4.036271124082187,7
200,427,3.9813767956170376,7
200,491,3.972117400092942,7
200,603,3.962384047310334,7
200,481,3.9581161148973893,7
200,921,3.8233361375802195,7
200,61,3.888113989597379,7
204,513,4.286855653176696,7
204,178,4.267436619952769,7
204,213,4.258930692049102,7
204,480,4.24243551878074,7
204,921,4.090167369719276,7
204,100,4.055282369099557,7
204,923,4.067975687782781,7
204,64,4.089990064187187,7
204,921,4.090167369719276,7
204,56,4.128766284092634,7
195,318,4.247184843735272,7
195,491,4.039520306033211,7
195,513,4.159628934594783,7
195,1020,3.8458146238378927,7
195,480,4.148061372271708,7
195,603,4.130095126356748,7
195,408,4.117017269968402,7
195,491,4.039520306033211,7
195,1062,3.845897262299882,7
195,297,3.8630632121410695,7
83,318,3.6509335210633562,7
83,316,3.629810271767852,7
83,357,3.5959038567286172,7
83,513,3.5947719674203586,7
83,480,3.5766378469386457,7
83,86,3.492053571833409,7
83,923,3.295439998169124,7
83,633,3.524245735488722,7
83,484,3.5196100822515604,7
83,61,3.374194423957013,7
261,302,5.0,7
261,86,5.0,7
261,181,5.0,7
261,190,5.0,7
261,272,5.0,7
261,316,5.0,7
261,863,4.781198870600576,7
261,190,5.0,7
261,315,5.0,7
261,61,4.817037965152694,7
88,513,4.866260829065187,7
88,318,4.80881026202872,7
88,408,4.751740469434949,7
88,12,4.746856909217181,7
88,483,4.740958983978403,7
88,61,4.484165911068665,7
88,491,4.705480361035296,7
88,923,4.5001470057746005,7
88,1062,4.5044829552090615,7
88,1203,4.541874124907257,7
266,318,4.226208908243419,7
266,513,4.143327796725678,7
266,357,4.130322425181285,7
266,480,4.088667653235091,7
266,316,4.081122853103428,7
266,50,4.068443893147912,7
266,479,4.0170212036867055,7
266,86,4.044704700333651,7
266,603,4.037397103467862,7
266,1062,3.8272404601011663,7
54,318,4.264391655982255,7
54,513,4.238139234383363,7
54,603,4.224872982774559,7
54,480,4.219139447062437,7
54,408,4.197510858977927,7
54,481,4.172845391288811,7
54,191,4.118698485780444,7
54,191,4.118698485780444,7
54,174,4.137376359230621,7
54,1062,3.9944516599194104,7
325,12,4.544590111443165,7
325,318,4.492220687203083,7
325,169,4.42105274949742,7
325,513,4.408601300687053,7
325,657,4.377630679224996,7
325,427,4.372182941873669,7
325,603,4.366911884434639,7
325,520,4.25584062053981,7
325,863,4.113018976259345,7
325,615,4.127926528350831,7
193,318,4.452716674946593,7
193,513,4.318250862574534,7
193,50,4.282720152436321,7
193,483,4.24774362763436,7
193,480,4.227252505993913,7
193,178,4.168257957911886,7
193,178,4.168257957911886,7
193,178,4.168257957911886,7
193,86,4.1965174258091755,7
193,61,4.093910050625795,7
183,513,4.233734316673165,7
183,480,4.185974706551573,7
183,316,4.074497833861644,7
183,603,4.074358879633365,7
183,479,4.063473657051838,7
183,251,3.8977226528029614,7
183,12,4.037988568585334,7
183,251,3.8977226528029614,7
183,318,4.017328258753089,7
183,251,3.8977226528029614,7
116,318,3.892139665476015,7
116,480,3.722788763333784,7
116,513,3.6884488729630305,7
116,633,3.6829023825957896,7
116,427,3.632610261304696,7
116,1062,3.4500228142713194,7
116,498,3.6686876705054092,7
116,427,3.632610261304696,7
116,61,3.4507520052318466,7
116,863,3.452606458478987,7
119,318,4.088056597403855,7
119,491,3.96062037406951,7
119,513,3.92966927806371,7
119,480,3.916621000346164,7
119,169,3.9149263497953415,7
119,479,3.913502040168402,7
119,302,3.823998136620462,7
119,302,3.823998136620462,7
119,297,3.740374027742287,7
119,61,3.797229410807317,7
27,357,4.259417304969913,7
27,513,4.253878993071158,7
27,318,4.246019784777697,7
27,484,4.231223902209084,7
27,483,4.218008633251058,7
27,603,4.198752306714264,7
27,12,4.1876507795033975,7
27,480,4.177713302642345,7
27,615,3.9780792897691937,7
27,61,4.009945407085791,7
174,513,4.106850291186712,7
174,86,4.068970053571992,7
174,318,4.063454835972823,7
174,480,4.055755846119922,7
174,174,4.0432902555132015,7
174,408,3.961027242110106,7
174,515,3.9608858174767425,7
174,1062,3.7456523830121076,7
174,251,3.7792230699076454,7
174,694,3.83153225263998,7
329,318,4.188631475885429,7
329,480,4.133215392896471,7
329,427,4.065740297144589,7
329,89,4.0441631620381475,7
329,513,4.04103935075579,7
329,484,4.028419949411811,7
329,511,4.009609081521131,7
329,603,3.946272546144394,7
329,172,3.8719682717950774,7
329,61,3.771080935814234,7
85,12,4.307057231484468,7
85,484,4.2219396496391735,7
85,408,4.169528666765614,7
85,633,4.135915403700774,7
85,61,4.0731269540437305,7
85,603,4.104676784974623,7
85,59,4.096772388962808,7
85,178,4.0940567252676825,7
85,1062,3.9658042990229894,7
85,61,4.0731269540437305,7
163,50,4.09468506227909,7
163,513,3.97040603728408,7
163,480,3.9657888409775874,7
163,479,3.9651750515251947,7
163,174,3.8900959367162793,7
163,315,3.870536911860528,7
163,302,3.7435084442859874,7
163,181,3.7662802133804454,7
163,89,3.790670217442744,7
163,12,3.824159696972024,7
333,272,4.450818582490909,7
333,318,4.413826531907525,7
333,491,4.407073511501074,7
333,480,4.396039364858588,7
333,190,4.365610217417725,7
333,50,4.346983918825946,7
333,89,4.294764460574495,7
333,12,4.294544346649105,7
333,86,4.294505683727169,7
333,251,4.161586433299803,7
334,511,4.674406571226416,7
334,513,4.62670027757356,7
334,480,4.593884474162251,7
334,357,4.435627666800155,7
334,647,4.391432465222854,7
334,178,4.375971180239233,7
334,615,4.320647826284649,7
334,615,4.320647826284649,7
334,612,4.192875886174841,7
334,615,4.320647826284649,7
39,318,4.577537041792736,7
39,513,4.531032035333691,7
39,357,4.522666472670045,7
39,12,4.484984475293459,7
39,408,4.479702396720135,7
39,86,4.467018203164912,7
39,174,4.389290966063418,7
39,484,4.3869941478191885,7
39,1194,4.245540064148088,7
39,61,4.276573904126016,7
132,513,4.294573048373559,7
132,357,4.267697727789109,7
132,316,4.19193801162918,7
132,480,4.190779036243483,7
132,318,4.178970104960986,7
132,191,4.103487434964362,7
132,191,4.103487434964362,7
132,191,4.103487434964362,7
132,923,3.9431333599933156,7
132,694,3.964114316443242,7
335,318,4.722333559716181,7
335,513,4.606307108077774,7
335,50,4.5620365617340575,7
335,480,4.548151996159031,7
335,174,4.537910578304545,7
335,515,4.530170566081688,7
335,178,4.497412101583955,7
335,651,4.495995065197093,7
335,1449,4.4059481178477915,7
335,1449,4.4059481178477915,7
169,12,4.580309444877581,7
169,491,4.54931382618433,7
169,318,4.527875097133503,7
169,137,4.386384193909629,7
169,651,4.37557633329561,7
169,272,4.460684704282241,7
169,190,4.4379614074083165,7
169,408,4.424196899480303,7
169,137,4.386384193909629,7
169,1062,4.254021100872695,7
178,272,4.436416611953672,7
178,513,4.377525947420512,7
178,86,4.328470676852582,7
178,408,4.31433987152781,7
178,357,4.289887840434306,7
178,169,4.2860981028133756,7
178,515,4.247418465625637,7
178,61,4.19433204424454,7
178,191,4.19252528092481,7
178,61,4.19433204424454,7
339,513,5.0,7
339,318,4.965866923697956,7
339,633,4.936282350573604,7
339,481,4.886729801209041,7
339,519,4.878533787399485,7
339,647,4.8754851030467385,7
339,615,4.841978761778881,7
339,921,4.8076130337426655,7
339,651,4.802925039399737,7
339,316,4.797096230752159,7
102,12,3.5243836049155086,7
102,318,3.4974678749880463,7
102,603,3.4320438393027612,7
102,480,3.4085706469408934,7
102,491,3.392768876096741,7
102,484,3.370027047435766,7
102,114,3.356705766493817,7
102,169,3.355641427652388,7
102,297,3.183416054793963,7
102,61,3.2274044139311004,7
317,318,4.726400509939662,7
317,127,4.589533155821592,7
317,484,4.481786420610603,7
317,1062,4.338464189345796,7
317,272,4.521224703690537,7
317,525,4.520071018688792,7
317,427,4.512206953351342,7
317,480,4.507644322098772,7
317,491,4.487495748895792,7
317,61,4.353171110923311,7
341,513,4.90758958850971,7
341,480,4.864228903868593,7
341,318,4.8573228755776094,7
341,61,4.614066642211224,7
341,297,4.547876592389935,7
341,408,4.815512478449286,7
341,251,4.548759457564465,7
341,923,4.55786767374914,7
341,1062,4.560290139843498,7
341,61,4.614066642211224,7
273,513,4.595327622489267,7
273,318,4.580167151737343,7
273,178,4.400543505568401,7
273,86,4.385474098863044,7
273,408,4.385200013086993,7
273,481,4.360109508236646,7
273,479,4.347542885302973,7
273,615,4.18794893183182,7
273,615,4.18794893183182,7
273,615,4.18794893183182,7
354,316,4.458093737474998,7
354,408,4.435865954964791,7
354,178,4.400021081378997,7
354,357,4.300800399467552,7
354,474,4.267873826803179,7
354,430,4.264358779476141,7
354,481,4.263258604684304,7
354,1020,4.188862498563214,7
354,856,4.164228983082323,7
354,1020,4.188862498563214,7
358,56,4.435720875493798,7
358,408,4.410216427982294,7
358,513,4.367759564149047,7
358,856,4.03941142501522,7
358,603,4.296074567284627,7
358,428,4.2900655799112615,7
358,190,4.231992421157498,7
358,641,4.062344007376653,7
358,923,4.090814443957323,7
358,1194,4.123322757344893,7
363,486,4.558833216359108,7
363,647,4.518073281701012,7
363,205,4.350987493418074,7
363,887,4.294547035047677,7
363,525,4.294125245212285,7
363,285,4.2914606815677026,7
363,1293,4.171830138475648,7
363,1293,4.171830138475648,7
363,318,3.9924031753517437,7
363,1591,4.205109915354173,7
356,318,4.630767095712304,7
356,50,4.593516690389844,7
356,174,4.516828716247503,7
356,633,4.446284167021226,7
356,190,4.383122840329005,7
356,484,4.292069757627763,7
356,205,4.268017114240623,7
356,178,4.273367482115325,7
356,484,4.292069757627763,7
356,61,4.244281072188458,7
365,50,4.549812507065116,7
365,318,4.467764172180825,7
365,12,4.41728387390348,7
365,603,4.281369369869586,7
365,480,4.272334918135188,7
365,408,4.25104639513109,7
365,513,4.211478646121874,7
365,169,4.228640874425767,7
365,1062,4.060049889944187,7
365,61,4.156662280245028,7
43,357,4.326278137816767,7
43,484,4.224511830348388,7
43,190,4.221474238144239,7
43,480,4.2211576162993545,7
43,513,4.2001584049957685,7
43,427,4.172197764612889,7
43,633,4.163361533259702,7
43,1062,4.021691741478286,7
43,22,3.888801375812098,7
43,1062,4.021691741478286,7
276,513,4.399124336355471,7
276,178,4.3355828233826355,7
276,480,4.313099240273675,7
276,651,4.263699735368393,7
276,491,4.242616614137182,7
276,191,4.1974453143340025,7
276,1062,4.083905578850493,7
276,863,4.084662251153117,7
276,191,4.1974453143340025,7
276,61,4.113420903559196,7
233,513,4.777314669322746,7
233,480,4.745200489846068,7
233,408,4.668294847423819,7
233,427,4.606174909143301,7
233,302,4.604335168301191,7
233,86,4.603161925994901,7
233,921,4.4113783299898985,7
233,921,4.4113783299898985,7
233,28,4.378019126222662,7
233,921,4.4113783299898985,7
377,318,4.91802232431776,7
377,50,4.901934781226499,7
377,174,4.854748207936883,7
377,12,4.760142320874304,7
377,480,4.733749533075376,7
377,169,4.656490889167443,7
377,513,4.7178730995023495,7
377,484,4.662946869433972,7
377,483,4.690863399443734,7
377,633,4.678051184835831,7
381,513,4.936078098139666,7
381,603,4.922881194111837,7
381,427,4.807619434541179,7
381,357,4.7470537591624735,7
381,484,4.728732408828344,7
381,651,4.719012926938975,7
381,615,4.612227598525652,7
381,615,4.612227598525652,7
381,297,4.543926384268199,7
381,615,4.612227598525652,7
383,651,4.94327775221444,7
383,318,4.905537701325098,7
383,178,4.870814186816705,7
383,491,4.822817800792158,7
383,114,4.79550168288407,7
383,481,4.7801157764008755,7
383,408,4.773182724784421,7
383,45,4.761361206999958,7
383,515,4.759089669909978,7
383,921,4.674749301313585,7
379,318,4.602566228727798,7
379,513,4.453366333758546,7
379,633,4.367695601014914,7
379,316,4.362801107354362,7
379,136,4.325573437680415,7
379,479,4.324338597138883,7
379,408,4.319355551540278,7
379,1449,4.205336351118452,7
379,302,4.123208431224297,7
379,61,4.258788485620931,7
392,318,5.0,7
392,484,4.968838968322451,7
392,483,4.949623724597894,7
392,357,4.877494064421561,7
392,633,4.876277921120186,7
392,654,4.850180392406014,7
392,427,4.839484464911453,7
392,132,4.789692934834866,7
392,1203,4.687382960928768,7
392,490,4.729120927523772,7
332,318,4.751879604533368,7
332,480,4.665623067945281,7
332,316,4.653243110727876,7
332,513,4.650247800834793,7
332,272,4.633777394588494,7
332,86,4.605526744571626,7
332,408,4.602574389762071,7
332,1062,4.426215014951106,7
332,100,4.519303315568013,7
332,61,4.488885555549819,7
393,174,4.359879357465349,7
393,513,4.204797834591395,7
393,491,4.198553802525364,7
393,408,4.187009118512742,7
393,603,4.177673196329255,7
393,205,4.169123767755127,7
393,753,3.985126092149684,7
393,745,4.035526200613057,7
393,61,4.037557815361211,7
393,1062,4.057590785731537,7
299,272,4.273840328762565,7
299,491,4.242168863109251,7
299,316,4.226113328698214,7
299,64,4.214323656080009,7
299,242,4.212759378095808,7
299,651,4.20393906835,7
299,923,4.03997627419713,7
299,633,4.160236265741107,7
299,1062,4.039155030851166,7
299,923,4.03997627419713,7
401,56,3.929230908295076,7
401,745,3.7126231999654102,7
401,491,3.7071930510967044,7
401,480,3.594250180328841,7
401,189,3.6423264648595843,7
401,285,3.631676690076092,7
401,513,3.6163033347976126,7
401,190,3.5997313644613187,7
401,498,3.5975315972752564,7
401,313,3.5627882153334958,7
124,480,4.432250074056404,7
124,513,4.389072973950162,7
124,318,4.369116197821488,7
124,515,4.304146707342383,7
124,89,4.3001372847475,7
124,12,4.29876525336514,7
124,479,4.291309984091393,7
124,64,4.206104743366076,7
124,302,4.284954817243471,7
124,61,4.087227648517282,7
384,174,5.0,7
384,318,5.0,7
384,50,5.0,7
384,480,4.91902875966852,7
384,513,4.863296843961666,7
384,408,4.792943961735093,7
384,1062,4.69581051112585,7
384,603,4.82525338647912,7
384,491,4.821318685750699,7
384,61,4.695965628346966,7
353,318,4.390597747849292,7
353,174,4.276609783637141,7
353,513,4.247430051259075,7
353,603,4.105350769913758,7
353,242,4.107673334795628,7
353,114,4.167848510037488,7
353,480,4.14802636451527,7
353,408,4.1322684775744145,7
353,483,4.124666043128236,7
353,61,4.059386294301257,7
92,484,4.042523022349479,7
92,357,4.0014295896009235,7
92,483,3.9884797768587616,7
92,513,3.982831937584579,7
92,316,3.9710061268361025,7
92,491,3.9568678779718294,7
92,480,3.9382678169110514,7
92,1062,3.782263744886471,7
92,1062,3.782263744886471,7
92,61,3.9192336645962254,7
378,513,4.421853142061689,7
378,480,4.3493363909040434,7
378,408,4.328897612080581,7
378,316,4.3116554235619065,7
378,603,4.3050403555649135,7
378,491,4.295894827743912,7
378,357,4.277006502499986,7
378,1062,4.127460425150176,7
378,61,4.114806266116812,7
378,1062,4.127460425150176,7
411,513,4.366740948657485,7
411,480,4.347648568261438,7
411,408,4.322843076660887,7
411,272,4.320756923849933,7
411,12,4.311718385829237,7
411,302,4.266580800782674,7
411,64,4.2642722294938,7
411,190,4.264237312920392,7
411,316,4.262050677488301,7
411,1062,4.133002863881038,7
420,480,4.786489049775649,7
420,50,4.737838340163291,7
420,318,4.703770180823376,7
420,479,4.675567321496981,7
420,213,4.586609140544435,7
420,483,4.58992493538917,7
420,316,4.595236331389034,7
420,511,4.636786262190658,7
420,242,4.611828744119899,7
420,922,4.516226743509392,7
416,513,4.0457979885160045,7
416,89,4.026738311702017,7
416,408,4.006007069681952,7
416,483,3.893050105782019,7
416,190,3.8900579385114438,7
416,484,3.8872806323388507,7
416,169,3.875108525803187,7
416,1062,3.7540568705201505,7
416,745,3.7575234916391715,7
416,922,3.789786856213859,7
423,318,4.771367999929862,7
423,513,4.643435413660714,7
423,50,4.6318186163909285,7
423,480,4.581924919175477,7
423,178,4.562235206517774,7
423,483,4.562026768238443,7
423,603,4.529606333613989,7
423,242,4.524629183591538,7
423,1062,4.3158834902806475,7
423,61,4.404332727041816,7
418,318,3.830203117436878,7
418,272,3.827078522660193,7
418,408,3.7396947535472758,7
418,513,3.731656251509,7
418,196,3.6593026907036856,7
418,174,3.6468188357698805,7
418,100,3.5984647406897925,7
418,1194,3.5871150481900815,7
418,1062,3.6223429833873513,7
418,100,3.5984647406897925,7
421,318,4.3830378339335105,7
421,357,4.314765112924811,7
421,513,4.311900181893962,7
421,86,4.265071170774378,7
421,479,4.262954107768583,7
421,316,4.254083340223588,7
421,480,4.244010449474381,7
421,408,4.216191910672943,7
421,64,4.1667885891831755,7
421,945,4.074501478266282,7
428,318,4.257899041243377,7
428,1062,3.8342691716268726,7
428,513,4.199859933668421,7
428,427,4.0416481178287995,7
428,480,4.144254416624057,7
428,178,4.051793461620006,7
428,483,4.067541111937375,7
428,61,3.853950151197936,7
428,479,4.055724775656692,7
428,615,3.871863973770882,7
440,302,5.0,7
440,603,5.0,7
440,427,5.0,7
440,480,5.0,7
440,483,5.0,7
440,408,5.0,7
440,615,4.786624391411523,7
440,297,4.796121418470155,7
440,61,4.869196754476417,7
440,863,4.95058201008358,7
445,513,3.1287936785743398,7
445,318,3.052807479262948,7
445,483,2.986893597216765,7
445,86,2.9848900494129125,7
445,427,2.9752111993675587,7
445,191,2.8714318586835734,7
445,191,2.8714318586835734,7
445,923,2.764092504728922,7
445,191,2.8714318586835734,7
445,694,2.809175658454516,7
294,318,4.605651557739636,7
294,513,4.387335677240452,7
294,408,4.377519735307078,7
294,480,4.364456291132608,7
294,12,4.362585677417556,7
294,484,4.2657044574438405,7
294,491,4.31759337238037,7
294,427,4.292623548719394,7
294,61,4.197262586242855,7
294,1062,4.203175308884208,7
425,513,3.802292624508953,7
425,480,3.7953010207904656,7
425,86,3.743915222382954,7
425,285,3.743474982703569,7
425,408,3.723369191179144,7
425,606,3.6890393312143486,7
425,423,3.4578736912744183,7
425,745,3.5693488877169166,7
425,28,3.481682095261496,7
425,61,3.608077339942609,7
448,174,4.453713185074164,7
448,318,4.427048799844326,7
448,1306,3.876817625619834,7
448,515,4.021701488978667,7
448,86,4.205359887571148,7
448,137,4.1559670924054855,7
448,638,3.9211760663376096,7
448,651,4.1114888334097754,7
448,144,4.073559476427506,7
448,753,3.927794736167692,7
444,318,4.558876070333672,7
444,316,4.426004118822567,7
444,174,4.404406278352363,7
444,513,4.363184963999334,7
444,12,4.356635796487818,7
444,357,4.3466887339229805,7
444,114,4.343702403746876,7
444,61,4.234651134579685,7
444,1062,4.1430457332502995,7
444,61,4.234651134579685,7
472,242,5.0,7
472,302,5.0,7
472,474,5.0,7
472,86,5.0,7
472,486,5.0,7
472,144,5.0,7
472,98,5.0,7
472,194,5.0,7
472,512,5.0,7
472,1137,5.0,7
455,316,4.228359963839627,7
455,513,4.220126870745945,7
455,480,4.19636177190732,7
455,272,4.174892301228002,7
455,86,4.172000442853132,7
455,357,4.154487700930787,7
455,302,4.068514820316243,7
455,302,4.068514820316243,7
455,302,4.068514820316243,7
455,61,3.994509129092929,7
480,318,4.450766295491119,7
480,484,4.191444751365072,7
480,357,4.162755086184983,7
480,513,4.151524371135027,7
480,633,4.116523281690392,7
480,480,4.110966115648001,7
480,316,4.106161464639772,7
480,61,3.9948741572505355,7
480,168,3.840864220821424,7
480,61,3.9948741572505355,7
441,174,4.48962202558264,7
441,318,4.4814209647545615,7
441,480,4.434261952565813,7
441,86,4.404068547114503,7
441,64,4.289502715693356,7
441,12,4.267261352729066,7
441,89,4.28244195147971,7
441,64,4.289502715693356,7
441,50,4.308561288007104,7
441,251,4.170359815563604,7
232,480,4.178862192732689,7
232,174,4.153397415053075,7
232,513,4.119904662949064,7
232,89,4.108944322809712,7
232,491,4.077474248914413,7
232,12,4.075481909142216,7
232,428,4.06589458192621,7
232,427,4.058999857056101,7
232,190,4.0557104954221765,7
232,922,3.904213359910287,7
463,318,3.1520726515902875,7
463,513,3.0458035547856,7
463,174,3.02671245831732,7
463,515,3.02424450420705,7
463,1020,2.7764301847712014,7
463,603,3.0135559849465934,7
463,272,3.0048955890125764,7
463,408,2.9831817760803423,7
463,1062,2.8163014295372704,7
463,61,2.905752665973258,7
484,511,5.0,7
484,515,4.9692618917162905,7
484,127,4.925570361695707,7
484,178,4.900515428079196,7
484,496,4.850972051356678,7
484,480,4.8431070318772385,7
484,191,4.842445078874005,7
484,603,4.835982439178372,7
484,357,4.672438098791066,7
484,1449,4.702017723556816,7
145,480,4.18891419527748,7
145,318,4.128593519641505,7
145,511,4.089832955402235,7
145,272,4.085333052984008,7
145,513,4.081160691750783,7
145,86,4.046843459655821,7
145,297,3.8906757661939015,7
145,61,3.854805355147291,7
145,745,3.8803843970418073,7
145,297,3.8906757661939015,7
489,181,5.0,7
489,1449,4.497018862862135,7
489,435,4.801711086229237,7
489,1466,4.5171305065857394,7
489,170,4.79884744513133,7
489,633,4.934710774575546,7
489,435,4.801711086229237,7
489,190,4.9001847893331325,7
489,61,4.6119363933562765,7
489,524,4.6183257163621505,7
488,12,4.041411646780309,7
488,484,3.971170497945734,7
488,427,3.955428034705357,7
488,313,3.9326762117180296,7
488,435,3.9016404433640464,7
488,315,3.8782974100970717,7
488,603,3.8688930769598366,7
488,750,3.860577720408326,7
488,257,3.834941893270499,7
488,490,3.7851997584262205,7
491,357,4.549869489570331,7
491,603,4.52785425979093,7
491,480,4.416378116514383,7
491,178,4.397529654251778,7
491,515,4.386697564065039,7
491,114,4.364248342231011,7
491,481,4.3487490207952275,7
491,316,4.339055619785183,7
491,318,4.319787392129292,7
491,945,4.170991199044252,7
503,272,4.3974929799364455,7
503,483,4.258690560394994,7
503,480,4.250397564023068,7
503,316,4.201851838767375,7
503,511,4.1939102312426915,7
503,513,4.193240993413953,7
503,491,4.159385699067352,7
503,302,4.0603722647514795,7
503,61,4.0737864652115725,7
503,89,4.093049786874187,7
475,318,4.381195319797471,7
475,603,4.272808523765204,7
475,178,4.220225370924081,7
475,513,4.18933135033276,7
475,272,4.168445586543166,7
475,137,4.141511493306172,7
475,357,4.140635107503461,7
475,191,4.095290907849071,7
475,12,4.126487268106325,7
475,1062,4.020305394799467,7
516,318,4.792355974582892,7
516,174,4.616777731506165,7
516,491,4.576984523797322,7
516,513,4.571471103746422,7
516,480,4.5587839440064775,7
516,12,4.547341133618501,7
516,651,4.496882261058523,7
516,205,4.515497664392591,7
516,603,4.513249524740466,7
516,61,4.470206292409408,7
517,318,4.303258134407782,7
517,12,4.2882693641894845,7
517,603,4.2388905383625035,7
517,408,4.2085262843242415,7
517,513,4.189754019958577,7
517,272,4.1719062007945515,7
517,100,4.085499124208787,7
517,89,4.035944947256189,7
517,100,4.085499124208787,7
517,1062,3.991406105960856,7
485,318,4.151215605533176,7
485,50,4.067005891641519,7
485,174,3.957149109014318,7
485,513,3.956798772531787,7
485,61,3.7813282336741456,7
485,408,3.892029052792114,7
485,272,3.885824993063819,7
485,480,3.885434568631652,7
485,484,3.881886378220455,7
485,61,3.7813282336741456,7
219,318,4.681109110739249,7
219,297,4.345799648333687,7
219,513,4.63728776526232,7
219,480,4.602947257341228,7
219,483,4.524916686571617,7
219,603,4.585953318679921,7
219,408,4.576028526791988,7
219,479,4.542478949895602,7
219,316,4.564941486613571,7
219,61,4.386518726789329,7
533,513,4.478897038738871,7
533,302,4.475972338666543,7
533,491,4.454208998685969,7
533,515,4.417491761565354,7
533,316,4.352893224702313,7
533,61,4.346366842575215,7
533,86,4.326246048347732,7
533,114,4.316142248409329,7
533,272,4.313298906703386,7
533,89,4.2726896926863756,7
532,86,5.0,7
532,174,5.0,7
532,479,5.0,7
532,137,5.0,7
532,923,5.0,7
532,61,5.0,7
532,408,5.0,7
532,178,5.0,7
532,694,5.0,7
532,923,5.0,7
514,513,4.580796117235815,7
514,479,4.3931441253468035,7
514,480,4.390499347285242,7
514,86,4.381773805494321,7
514,633,4.366306688479969,7
514,515,4.365565279479963,7
514,316,4.353586725827427,7
514,127,4.215294570438932,7
514,56,4.324256528240079,7
514,61,4.2053079140372525,7
547,50,4.594820346858187,7
547,318,4.590711109333761,7
547,89,4.452874920189041,7
547,480,4.437212274197237,7
547,513,4.388143871466527,7
547,190,4.420691135866612,7
547,272,4.4174983890757025,7
547,633,4.414866727081876,7
547,603,4.400104063480849,7
547,479,4.388280578019122,7
548,61,4.717133224928292,7
548,173,4.690998305617308,7
548,196,4.6615860062218895,7
548,484,4.64471699490726,7
548,507,4.637304591406468,7
548,318,4.61200147529746,7
548,511,4.5931120543459665,7
548,429,4.568902940752784,7
548,483,4.554024131726604,7
548,1203,4.550387512332246,7
551,194,5.0,7
551,432,5.0,7
551,515,5.0,7
551,427,5.0,7
551,23,5.0,7
551,923,5.0,7
551,923,5.0,7
551,1129,5.0,7
551,1,4.913428112354649,7
551,923,5.0,7
559,50,4.317759007754143,7
559,408,4.207933115237602,7
559,474,4.200568344032151,7
559,302,4.18800199345572,7
559,603,4.174263356227945,7
559,114,4.1491178704154645,7
559,86,4.1456795963991855,7
559,190,4.139193736567833,7
559,61,4.01414427819586,7
559,61,4.01414427819586,7
500,513,4.142428913567939,7
500,318,4.084037790279876,7
500,480,4.056056950888672,7
500,302,4.04849731927007,7
500,86,4.045505951545087,7
500,408,4.035929341289443,7
500,515,3.9566702380179435,7
500,491,3.9580432734538604,7
500,921,3.8017366307230955,7
500,923,3.8333539339978664,7
530,513,4.429753968061051,7
530,480,4.4069453988828,7
530,318,4.382928152723243,7
530,12,4.32256109250722,7
530,479,4.311158588867912,7
530,511,4.30503226676788,7
530,272,4.302718599463771,7
530,89,4.235080072419133,7
530,302,4.281787604796504,7
530,61,4.118001692662883,7
565,474,4.999916298125968,7
565,603,5.0,7
565,408,5.0,7
565,178,5.0,7
565,921,4.82816576436168,7
565,474,4.999916298125968,7
565,513,5.0,7
565,114,5.0,7
565,863,4.861300893915555,7
565,61,4.9211739078372005,7
453,89,4.14420989542951,7
453,480,4.092411281949615,7
453,513,4.07523053780497,7
453,408,4.073538680789727,7
453,603,4.054865652987732,7
453,479,4.015385113748436,7
453,484,4.014113157408384,7
453,945,3.8029168028947415,7
453,191,3.911480641213512,7
453,61,3.8641062872563876,7
574,318,4.464820782669229,7
574,50,4.431200841898275,7
574,285,4.252173343709453,7
574,513,4.388603878745752,7
574,408,4.377008922014527,7
574,603,4.356075083138798,7
574,178,4.316101502097704,7
574,515,4.27346672081389,7
574,1203,4.104864745021629,7
574,61,4.129791310531784,7
587,50,4.5014462520040395,7
587,1203,3.7026939485926684,7
587,513,3.8673842483887992,7
587,1449,3.70896390441509,7
587,190,3.867731067520492,7
587,480,3.8773988758802034,7
587,863,3.764386512430809,7
587,170,4.054566763834613,7
587,496,3.8786579654530526,7
587,61,3.8516491136797444,7
585,50,4.487697347923211,7
585,1194,4.093050720145539,7
585,513,4.438358819927235,7
585,474,4.436889488712583,7
585,242,4.325506417527496,7
585,603,4.377637407507191,7
585,408,4.377078027325853,7
585,297,4.114568533623885,7
585,612,4.114847999530849,7
585,656,4.158179237199621,7
591,513,4.437784600464428,7
591,318,4.4314794207620345,7
591,114,4.40354186976618,7
591,408,4.385380802910753,7
591,178,4.325525933320985,7
591,491,4.285857362194346,7
591,427,4.269145409799481,7
591,1062,4.091429545750012,7
591,12,4.244018944618202,7
591,1020,4.095478466053776,7
603,169,4.564961580634955,7
603,318,4.550984936144967,7
603,603,4.49691417860844,7
603,480,4.4816435089547815,7
603,491,4.475579106405737,7
603,168,4.465022361925873,7
603,513,4.4622900889062365,7
603,127,4.425981829860323,7
603,98,4.339693584923007,7
603,61,4.27183376529891,7
450,513,4.590473713137235,7
450,408,4.524981804079445,7
450,515,4.399162967768318,7
450,285,4.3719018880383125,7
450,1062,4.331950937166641,7
450,137,4.328503580708027,7
450,297,4.315550388270167,7
450,242,4.3035250513003565,7
450,429,4.298717693438914,7
450,251,4.25109373215904,7
611,318,4.991930033151618,7
611,50,4.882293448005606,7
611,603,4.783354005868633,7
611,1194,4.469309874407679,7
611,408,4.710975085826604,7
611,513,4.698625996471557,7
611,178,4.624808062710966,7
611,491,4.681570193428039,7
611,1062,4.58713601870528,7
611,863,4.626778520353211,7
618,511,4.2531746296618484,7
618,480,4.199869138962659,7
618,484,4.182338826270464,7
618,178,4.029429167215341,7
618,205,4.022000972350006,7
618,272,4.017457275570994,7
618,488,4.0158975113913895,7
618,297,4.007637691271007,7
618,89,4.0065225426632365,7
618,357,3.733208340369968,7
616,50,4.865524436533466,7
616,174,4.785896238029412,7
616,484,4.473296124765133,7
616,480,4.5880012710903895,7
616,297,4.324957505537672,7
616,511,4.494799691566684,7
616,513,4.5394061699202295,7
616,483,4.533888286780696,7
616,427,4.495582239561375,7
616,61,4.39242553108528,7
613,174,4.8377237151294805,7
613,408,4.747819484514221,7
613,513,4.739377370035568,7
613,480,4.728300128257953,7
613,491,4.710239301725849,7
613,172,4.673366870016335,7
613,181,4.671498411045178,7
613,515,4.668241402312097,7
613,1062,4.553212675394761,7
613,61,4.571809796438802,7
623,318,4.530014072298156,7
623,174,4.500034121982503,7
623,480,4.3607849830910705,7
623,12,4.305589241356563,7
623,427,4.2871424587954206,7
623,513,4.281181940945115,7
623,484,4.273368323933577,7
623,651,4.270829586077085,7
623,511,4.268577082913869,7
623,302,4.188910590990523,7
625,318,4.18042512890639,7
625,633,4.022621642364049,7
625,127,4.008911548369374,7
625,513,4.003043634541918,7
625,272,3.9962500217889456,7
625,651,3.9566104094306387,7
625,89,3.949171819121961,7
625,427,3.8993705486974033,7
625,316,3.9373437132945375,7
625,61,3.804405348996694,7
483,174,4.45030062602945,7
483,272,4.312206321516839,7
483,479,4.248829947392136,7
483,484,4.245712228831398,7
483,513,4.209543410047269,7
483,191,4.202384380437087,7
483,89,4.198813352972609,7
483,483,4.190583525325502,7
483,498,4.186943675554907,7
483,61,4.078784890792124,7
561,633,3.9798775607317016,7
561,408,3.9438633973161417,7
561,313,3.9345748127794136,7
561,190,3.927351194718934,7
561,137,3.9172477026864505,7
561,272,3.9012733760003266,7
561,528,3.87651202892535,7
561,1062,3.8052601925979035,7
561,61,3.7920333309532452,7
561,1062,3.8052601925979035,7
639,316,4.036333889995927,7
639,318,4.029872195847761,7
639,134,3.8541339620924617,7
639,315,3.829552020809649,7
639,408,3.790903608605387,7
639,479,3.766231340330186,7
639,114,3.7175881508488944,7
639,921,3.589508784016353,7
639,641,3.5513845495879073,7
639,921,3.589508784016353,7
499,513,4.379346359303068,7
499,86,4.272680619518393,7
499,316,4.230843948360734,7
499,480,4.2112118108117915,7
499,408,4.199072072102304,7
499,28,4.0130755701999465,7
499,28,4.0130755701999465,7
499,89,4.00943404236658,7
499,61,3.9703754532745155,7
499,28,4.0130755701999465,7
624,513,4.3571552240626605,7
624,318,4.314500343735415,7
624,480,4.288008586278826,7
624,12,4.256694907268708,7
624,408,4.223844699131914,7
624,491,4.214340156591417,7
624,603,4.168847954379774,7
624,86,4.15582293322522,7
624,61,4.023398820146539,7
624,923,4.0363360905934,7
643,316,4.649458063884146,7
643,318,4.633976353486597,7
643,633,4.582390395165197,7
643,525,4.574936203560732,7
643,513,4.564660367360022,7
643,654,4.56349292712835,7
643,178,4.559367962172462,7
643,136,4.549051823973253,7
643,191,4.297651846382515,7
643,61,4.38095907782504,7
636,174,5.0,7
636,61,5.0,7
636,318,5.0,7
636,357,5.0,7
636,12,5.0,7
636,50,5.0,7
636,316,5.0,7
636,408,4.994991458670064,7
636,190,4.968635373683031,7
636,190,4.968635373683031,7
645,178,4.791503059296097,7
645,511,4.7316212377291205,7
645,484,4.7280077558946685,7
645,480,4.701802863451443,7
645,479,4.676808780050117,7
645,603,4.6534744257428455,7
645,515,4.653326869695346,7
645,615,4.608691256172938,7
645,100,4.423007999078279,7
645,127,4.484481723475997,7
650,513,4.184729774878426,7
650,12,4.159582499256489,7
650,318,4.080440309073204,7
650,651,4.010104305269002,7
650,45,4.000083377517867,7
650,488,3.994463255071612,7
650,408,3.927117121191135,7
650,647,3.9162213706185285,7
650,61,3.826206834970885,7
650,297,3.9069245783950226,7
621,318,4.542309498046478,7
621,513,4.466483495574271,7
621,86,4.391651890262153,7
621,357,4.384809773283571,7
621,480,4.332730462347622,7
621,316,4.316876387585757,7
621,633,4.297384054481025,7
621,178,4.296623397752345,7
621,1062,4.157771261017325,7
621,61,4.215239522460193,7
655,408,3.55193675524486,7
655,491,3.4274872267648484,7
655,478,3.41776315893375,7
655,633,3.414226553992791,7
655,1449,3.2229266962973,7
655,745,3.383537343393072,7
655,615,3.231340824921788,7
655,490,3.2443462151728912,7
655,173,3.177884020123945,7
655,494,3.272993549116123,7
649,174,4.791626794383875,7
649,318,4.745783780654785,7
649,272,4.666022926171182,7
649,172,4.527808144723551,7
649,313,4.5038324662070535,7
649,435,4.477805122312428,7
649,316,4.481137608624099,7
649,633,4.486156637086649,7
649,61,4.4083857583359976,7
649,496,4.48789800728896,7
656,318,3.556923249508215,7
656,513,3.50037053231726,7
656,127,3.4111310997759876,7
656,603,3.402536927168865,7
656,178,3.355495069513807,7
656,480,3.381289401887918,7
656,483,3.3462450665848418,7
656,178,3.355495069513807,7
656,633,3.370517170544025,7
656,61,3.2192263240121033,7
660,127,3.82447856361882,7
660,480,3.736755446548308,7
660,633,3.7005638053671897,7
660,12,3.684312026651405,7
660,178,3.6511220564536337,7
660,114,3.637928727784016,7
660,427,3.6108545079905823,7
660,750,3.600171394031127,7
660,61,3.454111994746685,7
660,297,3.514614297372067,7
659,513,4.623299994072803,7
659,318,4.5652896281769575,7
659,515,4.564017941031107,7
659,408,4.476911662607432,7
659,480,4.448215151553336,7
659,478,4.427801830251424,7
659,132,4.408880817624157,7
659,302,4.404150957001748,7
659,61,4.290884333429514,7
659,1449,4.349146773287905,7
667,513,4.690359970601418,7
667,50,4.636741075215431,7
667,178,4.586566906837917,7
667,480,4.52263150471538,7
667,479,4.495079906875422,7
667,408,4.4943109109546295,7
667,603,4.487289897559215,7
667,12,4.42281910511096,7
667,615,4.347341702383623,7
667,127,4.4291921186000005,7
669,513,4.4238864083350915,7
669,178,4.276612163330677,7
669,318,4.26700600213914,7
669,185,4.201425472982589,7
669,98,4.183980553416019,7
669,525,4.174152899466688,7
669,484,4.147705076542918,7
669,863,4.000671474724158,7
669,100,3.977219932595977,7
669,863,4.000671474724158,7
676,12,4.807017083019268,7
676,98,4.674226198204351,7
676,89,4.563937879478694,7
676,91,4.293182284141022,7
676,190,4.469760295203664,7
676,633,4.416236672497385,7
676,427,4.41621337051994,7
676,651,4.384258389918308,7
676,1269,4.167708742892276,7
676,61,4.200922225338146,7
634,513,4.296032189402089,7
634,12,4.284332530490752,7
634,318,4.269561001584606,7
634,480,4.250090704484997,7
634,481,4.126567505949204,7
634,61,4.011606372968285,7
634,86,4.158629638155621,7
634,603,4.155141146234168,7
634,651,4.147723675564478,7
634,921,4.023227997249875,7
701,513,4.849855842297025,7
701,408,4.847417691187824,7
701,480,4.846290774154421,7
701,12,4.830212563180465,7
701,86,4.825854942005479,7
701,318,4.818998398682227,7
701,302,4.772609099198629,7
701,174,4.74958863811366,7
701,491,4.705530003889171,7
701,923,4.578062340943746,7
704,513,4.518441725328603,7
704,479,4.450778786896662,7
704,483,4.440638044313577,7
704,427,4.400885264295501,7
704,127,4.351554923488087,7
704,114,4.348362979550052,7
704,484,4.299959316824765,7
704,315,4.268263515489085,7
704,12,4.200312193066962,7
704,863,4.175215886071214,7
708,174,4.371204076637456,7
708,318,4.31859345451284,7
708,86,4.292803264894413,7
708,513,4.254422745339881,7
708,272,4.253688388107911,7
708,480,4.218970224313747,7
708,490,4.097778812167866,7
708,606,4.08833243628239,7
708,61,3.991939255044755,7
708,490,4.097778812167866,7
207,50,4.42030582548857,7
207,480,4.329268470826601,7
207,513,4.320140032854889,7
207,272,4.2855957764009345,7
207,479,4.269137668514622,7
207,315,4.241269943413542,7
207,86,4.224789914843284,7
207,1062,4.035346616723488,7
207,89,4.180964710692749,7
207,61,4.072834348783238,7
407,318,4.4058554224488775,7
407,513,4.3377290988961565,7
407,515,4.301101526655751,7
407,480,4.280413106686391,7
407,12,4.249133011686718,7
407,86,4.237593167786054,7
407,178,4.235777592482963,7
407,272,4.1960341280035935,7
407,651,4.19344776497899,7
407,61,4.1446444783169545,7
714,174,4.5189743811475,7
714,172,4.440403842028765,7
714,313,4.439633859115422,7
714,515,4.405718611738367,7
714,302,4.399637691959976,7
714,285,4.294902149742871,7
714,61,4.182975537877001,7
714,272,4.315329528111298,7
714,480,4.361219692049258,7
714,408,4.360649277279866,7
722,318,4.8713929894942805,7
722,50,4.69328220705436,7
722,174,4.67810191385452,7
722,12,4.662173915519355,7
722,513,4.659454140287451,7
722,484,4.613278758910666,7
722,114,4.5446567624322265,7
722,427,4.589281469238509,7
722,483,4.572827957759291,7
722,272,4.5517313030198965,7
720,318,4.7153273870426515,7
720,480,4.7091823887086495,7
720,12,4.678557090186691,7
720,297,4.405907045049315,7
720,513,4.644555583153622,7
720,491,4.620148184009678,7
720,408,4.595185874390136,7
720,603,4.586036260726789,7
720,745,4.427007896256762,7
720,61,4.466967837442431,7
738,316,4.839438530104139,7
738,513,4.8181914793054705,7
738,12,4.795093312558796,7
738,480,4.792024902842495,7
738,272,4.787963018136587,7
738,633,4.730025147154235,7
738,86,4.7074534683874125,7
738,190,4.684605080298572,7
738,315,4.6845446756196,7
738,302,4.5504857388489794,7
734,316,4.375088129205768,7
734,272,4.32594598599265,7
734,315,4.323394302231618,7
734,178,4.179400760936213,7
734,480,4.134908092113139,7
734,427,4.133110589222017,7
734,863,3.9487603291100344,7
734,69,4.123239371516926,7
734,181,4.073298925631211,7
734,12,4.077285439032619,7
741,318,4.470398591563588,7
741,12,4.417270376629705,7
741,603,4.416240809697577,7
741,513,4.413939669002813,7
741,316,4.401435974130233,7
741,89,4.365336514151965,7
741,483,4.344073939149828,7
741,408,4.323799164268147,7
741,491,4.311819310786031,7
741,297,4.190717362758636,7
752,318,4.281919101215279,7
752,144,3.9981455702862267,7
752,144,3.9981455702862267,7
752,863,3.8486422958107567,7
752,190,4.1330368959792185,7
752,408,4.067782114444978,7
752,137,4.064642384144372,7
752,428,4.049873283288655,7
752,915,3.8565282850013896,7
752,1062,3.9170374751131467,7
753,318,4.338653370627639,7
753,513,4.325700611732425,7
753,498,4.177318150314018,7
753,511,4.16388510068493,7
753,480,4.135322634868211,7
753,479,4.068220023935496,7
753,491,4.043525602767261,7
753,191,3.9114752575029774,7
753,615,4.02087954315202,7
753,302,3.976440808908736,7
767,318,5.0,7
767,513,4.994408601674476,7
767,50,4.92244597340854,7
767,12,4.920975984655867,7
767,633,4.918162585713919,7
767,480,4.896508537305804,7
767,603,4.885312880325049,7
767,479,4.879515332596409,7
767,923,4.654406129585086,7
767,61,4.71518895077017,7
578,50,3.937265538096382,7
578,318,3.878325858739784,7
578,86,3.8476495553541716,7
578,491,3.7991991976671327,7
578,513,3.79468279997452,7
578,12,3.791545395678973,7
578,480,3.7840878036221564,7
578,408,3.7815944974186078,7
578,434,3.757436860291757,7
578,863,3.5725365645544516,7
766,513,4.17151981605434,7
766,603,4.1339443357891605,7
766,480,4.039144542277287,7
766,479,3.99734157941346,7
766,12,3.984910984224326,7
766,647,3.9587384297019255,7
766,651,3.9504095952812186,7
766,491,3.947062545320673,7
766,1020,3.79881542412767,7
766,612,3.8420580676016622,7
776,178,4.249131275259301,7
776,480,4.248561146323345,7
776,750,4.203304910342988,7
776,633,4.187245486381668,7
776,515,4.186270807349034,7
776,651,4.18595415678699,7
776,302,4.173353782665714,7
776,61,3.949886518177094,7
776,1466,3.9845317060805048,7
776,297,4.067326527298906,7
780,272,4.379537065587465,7
780,86,4.375114391621372,7
780,190,4.304927247598715,7
780,633,4.3029438277368195,7
780,483,4.271279950167161,7
780,479,4.245319195830205,7
780,753,4.150369911409893,7
780,96,4.164118902437279,7
780,89,4.201537374026878,7
780,181,4.188658875562404,7
778,64,4.0306409927951234,7
778,12,3.983364095386574,7
778,213,3.890686753699698,7
778,480,3.8062796032433477,7
778,315,3.7899628971640684,7
778,185,3.7826864012871364,7
778,603,3.7531368869866886,7
778,124,3.7454229240201142,7
778,89,3.637327918233397,7
778,251,3.7066827519288266,7
782,12,4.347441722774645,7
782,169,4.232534969035697,7
782,525,4.159184353417661,7
782,1495,3.581862464100691,7
782,968,3.59178213163748,7
782,114,3.9074643651089835,7
782,966,3.627700053678145,7
782,835,3.6441272915596943,7
782,1171,3.760915356510612,7
782,61,3.7987145773092457,7
642,272,4.659522518845122,7
642,12,4.630126785543808,7
642,480,4.619326772778996,7
642,513,4.575038880111494,7
642,863,4.3159539566847,7
642,491,4.539686638434448,7
642,603,4.536140851660061,7
642,297,4.319879819196855,7
642,1062,4.348456030997505,7
642,61,4.40560892815157,7
784,50,4.779430180091669,7
784,318,4.76774691799395,7
784,170,4.521984295296483,7
784,178,4.53127031226891,7
784,190,4.584681850220951,7
784,316,4.583166811983738,7
784,408,4.582610993680494,7
784,480,4.581757594392999,7
784,86,4.57737556497679,7
784,61,4.4596382001095005,7
794,603,5.0,7
794,480,5.0,7
794,513,5.0,7
794,318,4.994807105394153,7
794,12,4.9632143286112,7
794,408,4.945373637728679,7
794,178,4.933080925119839,7
794,483,4.9115688502811174,7
794,89,4.885753201120924,7
794,615,4.74066912791968,7
796,302,4.525502441844021,7
796,435,4.49756775278207,7
796,169,4.4946043709516434,7
796,205,4.360881325899466,7
796,61,4.344721950206688,7
796,190,4.33242734774379,7
796,750,4.309390297710672,7
796,1293,4.201721393597933,7
796,1293,4.201721393597933,7
796,1293,4.201721393597933,7
775,318,4.6748268406895415,7
775,50,4.587159774547737,7
775,513,4.558137358207833,7
775,316,4.554353509587154,7
775,633,4.545736369870435,7
775,479,4.530621491484705,7
775,480,4.52102668459701,7
775,922,4.31429416871063,7
775,178,4.510749409255208,7
775,922,4.31429416871063,7
807,272,4.680076534830892,7
807,196,4.6498848513012305,7
807,513,4.623148201261405,7
807,480,4.608790554775711,7
807,316,4.593938569111652,7
807,12,4.587177684770203,7
807,98,4.557927424093558,7
807,169,4.548076975917389,7
807,297,4.43272454673396,7
807,61,4.432847742260682,7
809,174,4.379984723314647,7
809,318,4.326332769352012,7
809,603,4.315135897550891,7
809,50,4.311960863873969,7
809,114,4.2838238787003835,7
809,480,4.2559665142589775,7
809,483,4.186074052141252,7
809,316,4.243974778602957,7
809,491,4.224180262988506,7
809,61,4.15122881898756,7
818,318,4.398158992867179,7
818,174,4.3664700293984815,7
818,50,4.318818349364349,7
818,12,4.304740808733928,7
818,513,4.275887060091379,7
818,272,4.235731854363562,7
818,480,4.23137636653832,7
818,86,4.21338544311297,7
818,408,4.19353630763486,7
818,61,4.066949232126878,7
825,513,4.322938452873811,7
825,480,4.236136221142892,7
825,318,4.203936608566051,7
825,603,4.1924369069667415,7
825,178,4.181008802299424,7
825,408,4.136014297479859,7
825,357,4.064964061382013,7
825,357,4.064964061382013,7
825,1062,3.9242405793383877,7
825,923,3.9500820182433793,7
829,513,4.478427175218271,7
829,316,4.331172867438773,7
829,603,4.326946613374116,7
829,357,4.322589884928692,7
829,178,4.314244867319078,7
829,480,4.313540022630879,7
829,483,4.296790730780369,7
829,12,4.219262130346565,7
829,12,4.219262130346565,7
829,61,4.121375821141324,7
830,12,4.708245456965287,7
830,318,4.616487017801511,7
830,483,4.5466233656084,7
830,272,4.4988541624709715,7
830,315,4.4814587596718924,7
830,302,4.426953226126929,7
830,316,4.328547532558618,7
830,491,4.391254665261901,7
830,114,4.333268290379838,7
830,297,4.356572437940291,7
831,318,4.373821713550435,7
831,480,4.3579543357679125,7
831,89,4.3578566129143805,7
831,513,4.2707063151836335,7
831,511,4.242416109783557,7
831,427,4.22113284473494,7
831,483,4.197111420324264,7
831,302,4.192092120506501,7
831,61,3.967384473203686,7
831,61,3.967384473203686,7
827,318,3.9910547447714384,7
827,50,3.9385016311116763,7
827,12,3.932883687979908,7
827,196,3.7465187324973144,7
827,513,3.8333357086379225,7
827,408,3.832387084111734,7
827,86,3.759231656458346,7
827,491,3.77738598317184,7
827,515,3.7760835103956354,7
827,61,3.714042760620254,7
828,513,4.198371114855432,7
828,318,4.171607161556505,7
828,483,4.141734004826482,7
828,114,4.02181580846126,7
828,408,4.004000683034698,7
828,474,4.000371284278814,7
828,1020,3.657432856452861,7
828,863,3.702009916533392,7
828,1203,3.792693880155024,7
828,615,3.858977813596176,7
835,302,4.688078610371239,7
835,513,4.662915460953869,7
835,480,4.6164603340507675,7
835,12,4.607299452472965,7
835,483,4.601979608979187,7
835,61,4.575641914661924,7
835,190,4.568412289570118,7
835,408,4.5638480397884935,7
835,507,4.552702910142235,7
835,181,4.551214006147925,7
816,174,5.0,7
816,50,4.946822743135024,7
816,190,4.745711705655844,7
816,1449,4.598157039230374,7
816,86,4.735081790753095,7
816,480,4.819226534460018,7
816,272,4.781836098164508,7
816,190,4.745711705655844,7
816,513,4.759935843707953,7
816,61,4.691537319588335,7
840,318,4.890220643554202,7
840,114,4.864069082795324,7
840,427,4.853480539716318,7
840,12,4.779699620952522,7
840,491,4.702196425269001,7
840,651,4.697331963386891,7
840,408,4.686229029149878,7
840,178,4.680191950719761,7
840,863,4.579712177780018,7
840,612,4.59657643116824,7
834,318,4.890642672818747,7
834,513,4.742483337694054,7
834,174,4.697913757417781,7
834,480,4.675843712526007,7
834,484,4.636421672438175,7
834,511,4.607050929724862,7
834,483,4.603339222933562,7
834,98,4.536217655138075,7
834,12,4.5536942319390405,7
834,61,4.465307197337309,7
842,513,4.666065071067854,7
842,318,4.593425288797167,7
842,56,4.561666549072623,7
842,408,4.538278155097387,7
842,86,4.498592710338573,7
842,515,4.467016026125686,7
842,923,4.260586820518431,7
842,1062,4.2711955421434675,7
842,615,4.273071286829531,7
842,921,4.290080513333917,7
822,513,4.105623942545703,7
822,318,4.0794083339155,7
822,178,3.9879259576633475,7
822,316,3.960707198388187,7
822,483,3.9428109507249287,7
822,480,3.934522394299916,7
822,603,3.933173584976139,7
822,615,3.7837492089248,7
822,921,3.7611386474435955,7
822,615,3.7837492089248,7
852,318,4.592942484464231,7
852,316,4.565868792852079,7
852,513,4.493616590565823,7
852,178,4.485568050512418,7
852,272,4.458632002034868,7
852,174,4.448029286648398,7
852,480,4.434539338421408,7
852,302,4.425790688065206,7
852,483,4.397653209375592,7
852,61,4.334560007896486,7
851,603,4.760327401007099,7
851,513,4.715022948450913,7
851,408,4.706767926722722,7
851,205,4.681442393825361,7
851,114,4.6800603932822815,7
851,61,4.619232204917745,7
851,1062,4.4967537021638435,7
851,89,4.6531267318617955,7
851,1449,4.532214760454289,7
851,61,4.619232204917745,7
856,318,4.530545358086402,7
856,50,4.486868028879586,7
856,174,4.45378688658816,7
856,633,4.305675311007058,7
856,178,4.301131884612242,7
856,480,4.288940139449978,7
856,513,4.224003877608529,7
856,479,4.269788426784125,7
856,427,4.239201653380155,7
856,61,4.189694334263663,7
810,513,4.977417174582566,7
810,86,4.927848689873469,7
810,318,4.91641295126101,7
810,480,4.9156122555417525,7
810,491,4.886988966914754,7
810,56,4.851850900808445,7
810,408,4.831545344559857,7
810,12,4.803035605811065,7
810,1062,4.6695551586305095,7
810,923,4.699124889639893,7
866,513,3.5362932144292594,7
866,318,3.5110293893308593,7
866,357,3.436139065846213,7
866,474,3.408881485938122,7
866,86,3.4080661085404564,7
866,285,3.389632118491313,7
866,651,3.3772571113674887,7
866,656,3.251535813006474,7
866,902,3.226839839970317,7
866,656,3.251535813006474,7
873,316,4.077598773745706,7
873,480,4.018443915688192,7
873,272,3.9901786768886836,7
873,513,3.983471340104213,7
873,12,3.9679448354534963,7
873,318,3.961672784181704,7
873,357,3.9491965534778495,7
873,61,3.776205883927573,7
873,1062,3.7542664243083936,7
873,61,3.776205883927573,7
880,480,5.0,7
880,483,5.0,7
880,484,5.0,7
880,513,5.0,7
880,511,4.959505472538922,7
880,313,4.840347709345565,7
880,1203,4.7250563529759235,7
880,615,4.747498700597375,7
880,313,4.840347709345565,7
880,61,4.807230013986632,7
883,357,4.727329897909765,7
883,191,4.625316874899092,7
883,483,4.602528491711631,7
883,480,4.574870049345769,7
883,633,4.554359158277585,7
883,178,4.536440503412655,7
883,132,4.519580582607148,7
883,428,4.518720586177369,7
883,615,4.46079206265753,7
883,1020,4.464804677513961,7
891,86,5.0,7
891,603,5.0,7
891,515,5.0,7
891,427,5.0,7
891,480,5.0,7
891,318,5.0,7
891,357,5.0,7
891,174,5.0,7
891,318,5.0,7
891,644,5.0,7
903,603,4.874979348354353,7
903,513,4.851115814422712,7
903,428,4.814286489254103,7
903,480,4.813568539789161,7
903,178,4.7799531769388555,7
903,525,4.776473439268905,7
903,921,4.628648200678151,7
903,168,4.303869840181521,7
903,275,4.334717697147735,7
903,921,4.628648200678151,7
911,86,4.629744057570327,7
911,318,4.489401317668457,7
911,56,4.472408487165139,7
911,242,4.456544828345887,7
911,306,4.436719316973974,7
911,513,4.4239012460507725,7
911,408,4.418556100115538,7
911,527,4.3931635183242355,7
911,124,4.326612462947648,7
911,251,4.1758771089210525,7
870,86,4.290495937679275,7
870,515,4.250089784925771,7
870,408,4.238884986819964,7
870,484,4.218694937558799,7
870,498,4.181084012301076,7
870,242,4.1810837146931386,7
870,61,4.042217986564981,7
870,921,4.037273728573623,7
870,423,3.9052722940008238,7
870,61,4.042217986564981,7
918,56,4.338483650446567,7
918,285,4.089433563167517,7
918,316,4.053862490378198,7
918,644,3.7229913493860542,7
918,481,3.9800923126586873,7
918,185,3.9260296167215536,7
918,306,3.8718792282176926,7
918,922,3.8964393379076707,7
918,124,3.8875043968950447,7
918,915,3.7909463149039286,7
915,50,4.205756746009455,7
915,318,4.19511678966505,7
915,513,4.117112924241,7
915,408,4.000648702678056,7
915,178,3.9667285832865398,7
915,479,3.9642127471916893,7
915,480,3.960578091798656,7
915,603,3.9082825767617395,7
915,12,3.8938020021265083,7
915,863,3.8440639402728554,7
922,480,4.502044337371301,7
922,12,4.465371531305473,7
922,169,4.397530587463648,7
922,114,4.371237922130581,7
922,272,4.364138231503992,7
922,491,4.315783372443811,7
922,603,4.294211460540302,7
922,483,4.278160548362264,7
922,313,4.267741623334809,7
922,922,4.040427215495735,7
931,513,4.596393543370332,7
931,357,4.56628998125397,7
931,318,4.541190250791972,7
931,603,4.532574373211428,7
931,480,4.511487405322926,7
931,12,4.505091391809098,7
931,178,4.4555597320914835,7
931,408,4.44519290727107,7
931,484,4.443584058803739,7
931,1203,4.2364004516634,7
932,318,4.866566264710353,7
932,132,4.741008665109164,7
932,1203,4.717853878864366,7
932,61,4.472519821863551,7
932,272,4.411881079648547,7
932,651,4.622626598535211,7
932,297,4.620968203275181,7
932,633,4.607429337455801,7
932,8,4.423303180627415,7
932,242,4.437381092856707,7
909,480,5.0,7
909,318,5.0,7
909,513,5.0,7
909,316,5.0,7
909,357,4.996242785669465,7
909,178,4.935548540621492,7
909,603,4.9738073173384345,7
909,408,4.9714773428182495,7
909,923,4.85496644613563,7
909,61,4.893631774464393,7
934,479,4.586992943518152,7
934,22,4.573225856194008,7
934,272,4.507250651857543,7
934,178,4.4990472553486915,7
934,480,4.464710639002848,7
934,603,4.453256498094778,7
934,491,4.4053800383655375,7
934,318,4.332124063255224,7
934,745,4.183945059844539,7
934,863,4.3039831771171615,7
938,318,4.770030088098295,7
938,657,4.542000746238529,7
938,484,4.529527678907001,7
938,357,4.482770146147805,7
938,513,4.446719797794153,7
938,114,4.44287502786073,7
938,474,4.435594781565553,7
938,615,4.3147347175496895,7
938,615,4.3147347175496895,7
938,615,4.3147347175496895,7
942,603,4.772354399682466,7
942,651,4.772185190675816,7
942,12,4.757098694176808,7
942,408,4.746135622718307,7
942,89,4.740871502813139,7
942,491,4.733850883042281,7
942,205,4.714039556083721,7
942,86,4.713211353136266,7
942,61,4.618776710946857,7
942,61,4.618776710946857,7
751,513,4.25251562966053,7
751,86,4.208806408074534,7
751,318,4.189084897645453,7
751,12,4.1447165323785615,7
751,515,4.123020739371653,7
751,251,3.960482187252266,7
751,408,4.089747764249553,7
751,511,4.0534618651695045,7
751,124,4.047240651591914,7
751,251,3.960482187252266,7
860,318,3.934945800853376,7
860,174,3.9081763336527513,7
860,513,3.861945536430346,7
860,61,3.561540488141072,7
860,480,3.804129875885944,7
860,408,3.7123243535242145,7
860,483,3.7849882336008562,7
860,491,3.780920895690219,7
860,603,3.752003499865116,7
860,1062,3.56704471463363,7
864,513,4.7248204073364315,7
864,480,4.677315844153079,7
864,491,4.643140555369271,7
864,427,4.599003690063502,7
864,428,4.5719465758257405,7
864,316,4.567548388873586,7
864,863,4.4119493871491775,7
864,89,4.531725061310534,7
864,302,4.473550488725631,7
864,923,4.41802506432605,7
894,408,4.358693250831034,7
894,513,4.35002607778553,7
894,480,4.348039767495733,7
894,178,4.296180613173519,7
894,603,4.272306162607992,7
894,174,4.231822813368902,7
894,856,4.038500650086966,7
894,921,4.064080218917793,7
894,1466,4.065889800253508,7
894,1062,4.082484653896157,7
454,513,4.331131374706054,7
454,127,4.274272110342415,7
454,408,4.2059370519799675,7
454,491,4.19941830264808,7
454,178,4.181281019495002,7
454,205,4.165740253069018,7
454,190,4.142769324034821,7
454,863,4.043394130393153,7
454,168,4.106024159373249,7
454,1062,4.092203864298182,7
543,408,4.299043906703056,7
543,50,4.275823075752224,7
543,316,4.244631114338226,7
543,178,4.20557052179957,7
543,491,4.204888816356419,7
543,483,4.202777418536091,7
543,484,4.160751334823384,7
543,181,4.085191892832377,7
543,1062,4.05656961060055,7
543,863,4.058958196225042,7
790,318,4.304175898765925,7
790,86,4.274387997042075,7
790,513,4.251444771844089,7
790,408,4.240744177188765,7
790,480,4.235020855853612,7
790,12,4.218612883907725,7
790,124,4.19103151524802,7
790,316,4.183238521093275,7
790,61,4.0001197273553,7
790,1062,4.009453631768725,7
838,513,4.419290826912727,7
838,479,4.371615189247909,7
838,272,4.351328117633956,7
838,86,4.347581154294436,7
838,89,4.330627441900803,7
838,515,4.326619314326366,7
838,316,4.326369063268351,7
838,64,4.244129212981232,7
838,61,4.199506134471727,7
838,357,4.295013046984191,7
699,318,4.45117416624622,7
699,174,4.312486882474868,7
699,480,4.308960467649058,7
699,513,4.2771476334655665,7
699,86,4.252275605030552,7
699,633,4.2438183362039,7
699,515,4.237692975919754,7
699,297,4.05886672877087,7
699,1062,4.094641389651802,7
699,61,4.105692446246458,7
